685
280
115
100

565
280
115
100

445
280
115
100

325
280
115
100

325
175
115
100

445
175
115
100

565
175
115
100

685
175
115
100

820
280
115
100

940
280
115
100

1060
280
115
100

1180
280
115
100

1180
175
115
100

1060
175
115
100

940
175
115
100

820
175
115
100

820
400
115
100

940
400
115
100

1060
400
115
100

1180
400
115
100

1180
505
115
100

1060
505
115
100

940
505
115
100

820
505
115
100

685
400
115
100

565
400
115
100

445
400
115
100

325
400
115
100

325
505
115
100

445
505
115
100

565
505
115
100

685
505
115
100

992.5
625
115
100

872.5
625
115
100

752.5
625
115
100

632.5
625
115
100

512.5
625
115
100

190
445
115
100

190
340
115
100

190
235
115
100

512.5
55
115
100

632.5
55
115
100

752.5
55
115
100

872.5
55
115
100

992.5
55
115
100

1315
235
115
100

1315
340
115
100

1315
445
115
100